80
Vertices:
1 3
2 3
3 3
4 2
5 3
6 1
7 3
8 1
9 2
10 2
11 2
12 2
13 2
14 3
15 3
16 2
17 3
18 1
19 3
20 2
21 1
22 3
23 3
24 1
25 1
26 3
27 3
28 3
29 3
30 1
31 1
32 3
33 1
34 2
35 1
36 1
37 1
38 1
39 3
40 2
41 2
42 1
43 1
44 3
45 2
46 2
47 2
48 1
49 3
50 2
51 1
52 2
53 1
54 1
55 3
56 3
57 2
58 1
59 3
60 3
61 1
62 2
63 3
64 1
65 1
66 3
67 3
68 3
69 1
70 2
71 3
72 3
73 1
74 2
75 2
76 1
77 1
78 2
79 1
80 3
Arestas:
2 1 56
3 1 29
3 2 94
4 1 17
4 2 12
4 3 34
5 1 12
5 2 23
5 3 98
5 4 57
6 1 13
6 2 32
6 3 52
6 4 15
6 5 43
7 1 94
7 2 15
7 3 25
7 4 24
7 5 58
7 6 56
8 1 21
8 2 18
8 3 26
8 4 68
8 5 69
8 6 33
8 7 53
9 1 73
9 2 91
9 3 90
9 4 13
9 5 3
9 6 71
9 7 44
9 8 50
10 1 41
10 2 63
10 3 76
10 4 47
10 5 3
10 6 86
10 7 81
10 8 14
10 9 54
11 1 7
11 2 19
11 3 42
11 4 35
11 5 6
11 6 94
11 7 25
11 8 91
11 9 17
11 10 28
12 1 82
12 2 81
12 3 60
12 4 49
12 5 2
12 6 50
12 7 30
12 8 21
12 9 23
12 10 60
12 11 66
13 1 1
13 2 73
13 3 51
13 4 86
13 5 44
13 6 14
13 7 30
13 8 93
13 9 72
13 10 63
13 11 50
13 12 26
14 1 90
14 2 74
14 3 92
14 4 90
14 5 1
14 6 41
14 7 17
14 8 22
14 9 81
14 10 94
14 11 64
14 12 27
14 13 77
15 1 84
15 2 16
15 3 50
15 4 70
15 5 80
15 6 56
15 7 95
15 8 85
15 9 4
15 10 71
15 11 99
15 12 4
15 13 34
15 14 23
16 1 29
16 2 11
16 3 81
16 4 16
16 5 22
16 6 85
16 7 75
16 8 16
16 9 70
16 10 45
16 11 65
16 12 30
16 13 12
16 14 29
16 15 91
17 1 8
17 2 75
17 3 80
17 4 91
17 5 68
17 6 29
17 7 82
17 8 35
17 9 19
17 10 56
17 11 90
17 12 41
17 13 71
17 14 56
17 15 63
17 16 53
18 1 19
18 2 50
18 3 92
18 4 51
18 5 71
18 6 1
18 7 61
18 8 60
18 9 29
18 10 43
18 11 6
18 12 43
18 13 78
18 14 21
18 15 38
18 16 34
18 17 97
19 1 20
19 2 90
19 3 97
19 4 52
19 5 4
19 6 19
19 7 69
19 8 69
19 9 51
19 10 78
19 11 71
19 12 73
19 13 72
19 14 53
19 15 52
19 16 54
19 17 28
19 18 87
20 1 42
20 2 89
20 3 29
20 4 87
20 5 80
20 6 56
20 7 20
20 8 34
20 9 99
20 10 57
20 11 43
20 12 5
20 13 22
20 14 18
20 15 82
20 16 13
20 17 66
20 18 63
20 19 72
21 1 66
21 2 4
21 3 33
21 4 94
21 5 82
21 6 63
21 7 45
21 8 21
21 9 30
21 10 43
21 11 61
21 12 40
21 13 37
21 14 6
21 15 84
21 16 33
21 17 63
21 18 22
21 19 15
21 20 17
22 1 49
22 2 46
22 3 6
22 4 33
22 5 41
22 6 85
22 7 49
22 8 96
22 9 22
22 10 41
22 11 39
22 12 89
22 13 32
22 14 88
22 15 24
22 16 9
22 17 13
22 18 69
22 19 97
22 20 35
22 21 67
23 1 76
23 2 68
23 3 73
23 4 51
23 5 80
23 6 19
23 7 98
23 8 8
23 9 4
23 10 23
23 11 61
23 12 46
23 13 79
23 14 11
23 15 1
23 16 85
23 17 89
23 18 69
23 19 4
23 20 69
23 21 52
23 22 67
24 1 72
24 2 45
24 3 12
24 4 57
24 5 25
24 6 48
24 7 30
24 8 94
24 9 8
24 10 63
24 11 34
24 12 3
24 13 24
24 14 18
24 15 87
24 16 5
24 17 70
24 18 59
24 19 79
24 20 90
24 21 90
24 22 87
24 23 79
25 1 7
25 2 22
25 3 94
25 4 36
25 5 54
25 6 56
25 7 73
25 8 13
25 9 80
25 10 91
25 11 57
25 12 93
25 13 43
25 14 84
25 15 37
25 16 66
25 17 43
25 18 90
25 19 36
25 20 33
25 21 86
25 22 99
25 23 89
25 24 33
26 1 98
26 2 53
26 3 81
26 4 39
26 5 29
26 6 51
26 7 10
26 8 10
26 9 77
26 10 26
26 11 49
26 12 57
26 13 73
26 14 15
26 15 28
26 16 22
26 17 59
26 18 84
26 19 42
26 20 91
26 21 92
26 22 39
26 23 3
26 24 85
26 25 97
27 1 94
27 2 29
27 3 27
27 4 39
27 5 15
27 6 97
27 7 8
27 8 2
27 9 11
27 10 58
27 11 4
27 12 45
27 13 96
27 14 25
27 15 21
27 16 46
27 17 4
27 18 50
27 19 25
27 20 95
27 21 50
27 22 95
27 23 61
27 24 33
27 25 42
27 26 92
28 1 94
28 2 8
28 3 48
28 4 42
28 5 78
28 6 58
28 7 91
28 8 3
28 9 99
28 10 79
28 11 95
28 12 41
28 13 85
28 14 68
28 15 64
28 16 94
28 17 32
28 18 41
28 19 93
28 20 12
28 21 45
28 22 92
28 23 8
28 24 24
28 25 41
28 26 86
28 27 42
29 1 13
29 2 98
29 3 72
29 4 20
29 5 28
29 6 27
29 7 90
29 8 82
29 9 19
29 10 21
29 11 75
29 12 10
29 13 43
29 14 73
29 15 17
29 16 76
29 17 89
29 18 26
29 19 92
29 20 98
29 21 19
29 22 15
29 23 18
29 24 15
29 25 21
29 26 2
29 27 35
29 28 46
30 1 15
30 2 42
30 3 8
30 4 77
30 5 87
30 6 84
30 7 1
30 8 27
30 9 85
30 10 46
30 11 40
30 12 19
30 13 73
30 14 71
30 15 43
30 16 40
30 17 56
30 18 1
30 19 66
30 20 99
30 21 91
30 22 72
30 23 22
30 24 54
30 25 80
30 26 77
30 27 72
30 28 45
30 29 79
31 1 90
31 2 44
31 3 87
31 4 89
31 5 1
31 6 18
31 7 57
31 8 99
31 9 55
31 10 83
31 11 37
31 12 26
31 13 49
31 14 53
31 15 48
31 16 16
31 17 77
31 18 3
31 19 32
31 20 71
31 21 74
31 22 33
31 23 18
31 24 59
31 25 53
31 26 46
31 27 32
31 28 52
31 29 80
31 30 97
32 1 76
32 2 81
32 3 99
32 4 34
32 5 61
32 6 39
32 7 26
32 8 72
32 9 88
32 10 1
32 11 31
32 12 38
32 13 80
32 14 33
32 15 60
32 16 22
32 17 65
32 18 27
32 19 64
32 20 44
32 21 91
32 22 39
32 23 16
32 24 20
32 25 96
32 26 80
32 27 80
32 28 3
32 29 93
32 30 26
32 31 21
33 1 87
33 2 14
33 3 96
33 4 99
33 5 68
33 6 55
33 7 73
33 8 54
33 9 24
33 10 87
33 11 15
33 12 15
33 13 26
33 14 46
33 15 10
33 16 41
33 17 35
33 18 78
33 19 61
33 20 47
33 21 5
33 22 88
33 23 32
33 24 82
33 25 30
33 26 5
33 27 17
33 28 50
33 29 77
33 30 57
33 31 18
33 32 25
34 1 27
34 2 64
34 3 63
34 4 46
34 5 54
34 6 17
34 7 28
34 8 64
34 9 24
34 10 82
34 11 36
34 12 97
34 13 53
34 14 84
34 15 82
34 16 89
34 17 77
34 18 5
34 19 45
34 20 23
34 21 64
34 22 48
34 23 42
34 24 67
34 25 61
34 26 26
34 27 96
34 28 45
34 29 3
34 30 5
34 31 65
34 32 57
34 33 1
35 1 52
35 2 93
35 3 78
35 4 52
35 5 53
35 6 56
35 7 62
35 8 16
35 9 8
35 10 33
35 11 52
35 12 76
35 13 6
35 14 1
35 15 35
35 16 35
35 17 68
35 18 76
35 19 73
35 20 53
35 21 57
35 22 89
35 23 98
35 24 7
35 25 48
35 26 26
35 27 29
35 28 57
35 29 72
35 30 27
35 31 15
35 32 91
35 33 8
35 34 73
36 1 20
36 2 59
36 3 28
36 4 36
36 5 95
36 6 45
36 7 9
36 8 43
36 9 34
36 10 98
36 11 76
36 12 32
36 13 44
36 14 86
36 15 6
36 16 24
36 17 64
36 18 49
36 19 60
36 20 8
36 21 35
36 22 60
36 23 73
36 24 77
36 25 53
36 26 66
36 27 59
36 28 84
36 29 31
36 30 78
36 31 69
36 32 56
36 33 78
36 34 30
36 35 67
37 1 65
37 2 41
37 3 50
37 4 41
37 5 79
37 6 87
37 7 68
37 8 25
37 9 70
37 10 16
37 11 8
37 12 61
37 13 28
37 14 47
37 15 74
37 16 64
37 17 59
37 18 73
37 19 9
37 20 10
37 21 99
37 22 49
37 23 2
37 24 23
37 25 39
37 26 71
37 27 34
37 28 87
37 29 67
37 30 49
37 31 59
37 32 59
37 33 65
37 34 11
37 35 69
37 36 68
38 1 24
38 2 39
38 3 81
38 4 37
38 5 29
38 6 82
38 7 73
38 8 88
38 9 5
38 10 55
38 11 99
38 12 34
38 13 25
38 14 43
38 15 39
38 16 77
38 17 12
38 18 38
38 19 83
38 20 78
38 21 16
38 22 38
38 23 34
38 24 20
38 25 11
38 26 8
38 27 90
38 28 43
38 29 79
38 30 53
38 31 36
38 32 63
38 33 31
38 34 97
38 35 81
38 36 61
38 37 43
39 1 14
39 2 54
39 3 50
39 4 38
39 5 10
39 6 41
39 7 91
39 8 9
39 9 9
39 10 32
39 11 3
39 12 3
39 13 22
39 14 79
39 15 5
39 16 62
39 17 65
39 18 44
39 19 36
39 20 55
39 21 15
39 22 15
39 23 25
39 24 71
39 25 48
39 26 81
39 27 10
39 28 29
39 29 58
39 30 56
39 31 4
39 32 70
39 33 11
39 34 17
39 35 20
39 36 85
39 37 14
39 38 64
40 1 20
40 2 36
40 3 68
40 4 66
40 5 24
40 6 36
40 7 87
40 8 99
40 9 34
40 10 46
40 11 23
40 12 31
40 13 12
40 14 44
40 15 19
40 16 69
40 17 68
40 18 27
40 19 13
40 20 32
40 21 99
40 22 13
40 23 4
40 24 44
40 25 28
40 26 90
40 27 12
40 28 26
40 29 79
40 30 74
40 31 55
40 32 77
40 33 63
40 34 54
40 35 57
40 36 20
40 37 88
40 38 46
40 39 8
41 1 7
41 2 64
41 3 59
41 4 16
41 5 59
41 6 34
41 7 90
41 8 48
41 9 39
41 10 93
41 11 55
41 12 96
41 13 13
41 14 34
41 15 56
41 16 93
41 17 28
41 18 59
41 19 4
41 20 86
41 21 43
41 22 19
41 23 8
41 24 7
41 25 41
41 26 23
41 27 32
41 28 39
41 29 65
41 30 52
41 31 40
41 32 37
41 33 7
41 34 48
41 35 11
41 36 82
41 37 87
41 38 98
41 39 83
41 40 17
42 1 54
42 2 82
42 3 87
42 4 83
42 5 45
42 6 24
42 7 1
42 8 78
42 9 38
42 10 80
42 11 34
42 12 43
42 13 27
42 14 41
42 15 57
42 16 24
42 17 58
42 18 60
42 19 62
42 20 17
42 21 71
42 22 79
42 23 94
42 24 16
42 25 53
42 26 1
42 27 36
42 28 93
42 29 71
42 30 11
42 31 81
42 32 24
42 33 91
42 34 78
42 35 74
42 36 93
42 37 48
42 38 89
42 39 59
42 40 90
42 41 53
43 1 37
43 2 26
43 3 19
43 4 31
43 5 54
43 6 67
43 7 49
43 8 80
43 9 94
43 10 55
43 11 29
43 12 6
43 13 48
43 14 60
43 15 71
43 16 47
43 17 92
43 18 92
43 19 59
43 20 64
43 21 87
43 22 15
43 23 54
43 24 79
43 25 79
43 26 89
43 27 80
43 28 36
43 29 62
43 30 20
43 31 46
43 32 94
43 33 31
43 34 48
43 35 89
43 36 8
43 37 80
43 38 55
43 39 8
43 40 7
43 41 8
43 42 47
44 1 43
44 2 31
44 3 40
44 4 59
44 5 10
44 6 35
44 7 58
44 8 57
44 9 19
44 10 18
44 11 50
44 12 85
44 13 75
44 14 86
44 15 46
44 16 29
44 17 30
44 18 21
44 19 78
44 20 38
44 21 48
44 22 34
44 23 22
44 24 86
44 25 64
44 26 6
44 27 46
44 28 8
44 29 10
44 30 81
44 31 39
44 32 95
44 33 65
44 34 9
44 35 49
44 36 85
44 37 28
44 38 14
44 39 88
44 40 30
44 41 49
44 42 78
44 43 34
45 1 67
45 2 39
45 3 33
45 4 96
45 5 11
45 6 65
45 7 11
45 8 87
45 9 45
45 10 81
45 11 91
45 12 35
45 13 53
45 14 85
45 15 71
45 16 89
45 17 87
45 18 49
45 19 96
45 20 85
45 21 77
45 22 34
45 23 95
45 24 79
45 25 6
45 26 99
45 27 22
45 28 35
45 29 30
45 30 61
45 31 90
45 32 81
45 33 8
45 34 81
45 35 83
45 36 11
45 37 75
45 38 44
45 39 13
45 40 48
45 41 43
45 42 15
45 43 30
45 44 49
46 1 80
46 2 31
46 3 45
46 4 59
46 5 25
46 6 6
46 7 92
46 8 8
46 9 94
46 10 24
46 11 45
46 12 43
46 13 55
46 14 89
46 15 49
46 16 9
46 17 5
46 18 99
46 19 93
46 20 44
46 21 25
46 22 23
46 23 51
46 24 26
46 25 81
46 26 54
46 27 30
46 28 26
46 29 4
46 30 5
46 31 60
46 32 5
46 33 23
46 34 12
46 35 69
46 36 13
46 37 24
46 38 41
46 39 53
46 40 21
46 41 68
46 42 43
46 43 10
46 44 62
46 45 44
47 1 45
47 2 29
47 3 77
47 4 16
47 5 41
47 6 27
47 7 84
47 8 7
47 9 69
47 10 95
47 11 39
47 12 15
47 13 23
47 14 60
47 15 99
47 16 73
47 17 88
47 18 43
47 19 1
47 20 56
47 21 74
47 22 77
47 23 16
47 24 61
47 25 4
47 26 13
47 27 4
47 28 43
47 29 33
47 30 36
47 31 66
47 32 55
47 33 95
47 34 46
47 35 72
47 36 53
47 37 2
47 38 25
47 39 75
47 40 17
47 41 12
47 42 21
47 43 7
47 44 79
47 45 9
47 46 1
48 1 53
48 2 69
48 3 90
48 4 81
48 5 97
48 6 80
48 7 2
48 8 4
48 9 44
48 10 83
48 11 25
48 12 50
48 13 91
48 14 86
48 15 71
48 16 68
48 17 98
48 18 41
48 19 57
48 20 27
48 21 81
48 22 23
48 23 29
48 24 18
48 25 93
48 26 88
48 27 23
48 28 81
48 29 45
48 30 4
48 31 8
48 32 43
48 33 82
48 34 80
48 35 18
48 36 30
48 37 14
48 38 13
48 39 6
48 40 78
48 41 82
48 42 12
48 43 20
48 44 90
48 45 81
48 46 84
48 47 68
49 1 51
49 2 8
49 3 26
49 4 29
49 5 47
49 6 54
49 7 59
49 8 5
49 9 36
49 10 33
49 11 27
49 12 59
49 13 78
49 14 30
49 15 34
49 16 45
49 17 81
49 18 92
49 19 70
49 20 62
49 21 84
49 22 25
49 23 96
49 24 37
49 25 27
49 26 26
49 27 36
49 28 91
49 29 10
49 30 26
49 31 47
49 32 68
49 33 22
49 34 53
49 35 7
49 36 96
49 37 31
49 38 94
49 39 13
49 40 44
49 41 5
49 42 88
49 43 10
49 44 66
49 45 56
49 46 95
49 47 43
49 48 85
50 1 98
50 2 96
50 3 67
50 4 2
50 5 94
50 6 68
50 7 95
50 8 79
50 9 75
50 10 78
50 11 22
50 12 23
50 13 26
50 14 42
50 15 7
50 16 54
50 17 14
50 18 4
50 19 53
50 20 28
50 21 46
50 22 73
50 23 58
50 24 1
50 25 43
50 26 71
50 27 86
50 28 70
50 29 9
50 30 37
50 31 23
50 32 27
50 33 80
50 34 19
50 35 78
50 36 93
50 37 51
50 38 43
50 39 93
50 40 51
50 41 43
50 42 52
50 43 1
50 44 84
50 45 9
50 46 2
50 47 17
50 48 38
50 49 61
51 1 37
51 2 5
51 3 74
51 4 10
51 5 14
51 6 93
51 7 57
51 8 73
51 9 99
51 10 77
51 11 83
51 12 78
51 13 5
51 14 88
51 15 96
51 16 8
51 17 91
51 18 80
51 19 86
51 20 95
51 21 4
51 22 2
51 23 6
51 24 46
51 25 71
51 26 82
51 27 28
51 28 67
51 29 39
51 30 52
51 31 69
51 32 92
51 33 40
51 34 76
51 35 75
51 36 85
51 37 3
51 38 37
51 39 36
51 40 11
51 41 99
51 42 77
51 43 99
51 44 52
51 45 16
51 46 75
51 47 64
51 48 56
51 49 57
51 50 22
52 1 8
52 2 12
52 3 64
52 4 46
52 5 27
52 6 1
52 7 68
52 8 47
52 9 93
52 10 68
52 11 48
52 12 13
52 13 30
52 14 35
52 15 13
52 16 49
52 17 51
52 18 82
52 19 84
52 20 29
52 21 88
52 22 67
52 23 8
52 24 49
52 25 2
52 26 61
52 27 39
52 28 43
52 29 30
52 30 4
52 31 67
52 32 24
52 33 71
52 34 35
52 35 99
52 36 80
52 37 40
52 38 17
52 39 82
52 40 43
52 41 4
52 42 16
52 43 77
52 44 14
52 45 39
52 46 10
52 47 57
52 48 82
52 49 9
52 50 58
52 51 64
53 1 29
53 2 5
53 3 52
53 4 71
53 5 30
53 6 52
53 7 91
53 8 9
53 9 70
53 10 27
53 11 18
53 12 81
53 13 77
53 14 76
53 15 44
53 16 44
53 17 75
53 18 97
53 19 4
53 20 65
53 21 93
53 22 63
53 23 64
53 24 40
53 25 98
53 26 47
53 27 39
53 28 91
53 29 3
53 30 38
53 31 16
53 32 5
53 33 25
53 34 8
53 35 73
53 36 45
53 37 31
53 38 1
53 39 67
53 40 15
53 41 61
53 42 23
53 43 69
53 44 72
53 45 46
53 46 5
53 47 68
53 48 91
53 49 27
53 50 90
53 51 66
53 52 77
54 1 94
54 2 65
54 3 17
54 4 7
54 5 31
54 6 40
54 7 36
54 8 40
54 9 11
54 10 14
54 11 6
54 12 29
54 13 20
54 14 53
54 15 33
54 16 93
54 17 30
54 18 81
54 19 64
54 20 7
54 21 37
54 22 24
54 23 23
54 24 19
54 25 67
54 26 23
54 27 80
54 28 95
54 29 54
54 30 43
54 31 6
54 32 87
54 33 11
54 34 84
54 35 21
54 36 9
54 37 93
54 38 39
54 39 18
54 40 37
54 41 79
54 42 95
54 43 27
54 44 19
54 45 43
54 46 35
54 47 32
54 48 91
54 49 79
54 50 11
54 51 5
54 52 95
54 53 44
55 1 66
55 2 40
55 3 10
55 4 48
55 5 84
55 6 2
55 7 65
55 8 91
55 9 16
55 10 20
55 11 75
55 12 80
55 13 80
55 14 71
55 15 32
55 16 95
55 17 98
55 18 91
55 19 27
55 20 49
55 21 26
55 22 23
55 23 18
55 24 42
55 25 77
55 26 68
55 27 22
55 28 5
55 29 91
55 30 57
55 31 49
55 32 52
55 33 22
55 34 80
55 35 42
55 36 69
55 37 23
55 38 1
55 39 74
55 40 4
55 41 99
55 42 6
55 43 28
55 44 16
55 45 99
55 46 12
55 47 30
55 48 63
55 49 8
55 50 67
55 51 61
55 52 39
55 53 34
55 54 83
56 1 27
56 2 92
56 3 41
56 4 33
56 5 79
56 6 2
56 7 11
56 8 37
56 9 97
56 10 48
56 11 97
56 12 98
56 13 26
56 14 80
56 15 59
56 16 91
56 17 53
56 18 70
56 19 23
56 20 55
56 21 44
56 22 98
56 23 68
56 24 29
56 25 6
56 26 47
56 27 90
56 28 48
56 29 5
56 30 36
56 31 31
56 32 50
56 33 5
56 34 84
56 35 20
56 36 21
56 37 64
56 38 39
56 39 38
56 40 8
56 41 27
56 42 46
56 43 33
56 44 48
56 45 77
56 46 8
56 47 97
56 48 35
56 49 92
56 50 97
56 51 47
56 52 58
56 53 31
56 54 81
56 55 1
57 1 60
57 2 32
57 3 22
57 4 5
57 5 35
57 6 26
57 7 98
57 8 15
57 9 5
57 10 73
57 11 34
57 12 45
57 13 17
57 14 88
57 15 55
57 16 30
57 17 76
57 18 85
57 19 77
57 20 6
57 21 78
57 22 23
57 23 45
57 24 27
57 25 41
57 26 40
57 27 11
57 28 69
57 29 99
57 30 6
57 31 90
57 32 92
57 33 87
57 34 31
57 35 80
57 36 43
57 37 26
57 38 11
57 39 58
57 40 64
57 41 81
57 42 11
57 43 78
57 44 77
57 45 7
57 46 74
57 47 62
57 48 26
57 49 2
57 50 79
57 51 97
57 52 23
57 53 36
57 54 97
57 55 59
57 56 21
58 1 64
58 2 8
58 3 58
58 4 19
58 5 64
58 6 90
58 7 25
58 8 28
58 9 41
58 10 92
58 11 38
58 12 32
58 13 16
58 14 46
58 15 19
58 16 47
58 17 58
58 18 55
58 19 77
58 20 18
58 21 72
58 22 50
58 23 46
58 24 48
58 25 83
58 26 74
58 27 83
58 28 29
58 29 62
58 30 49
58 31 91
58 32 37
58 33 6
58 34 61
58 35 11
58 36 62
58 37 32
58 38 25
58 39 52
58 40 72
58 41 96
58 42 60
58 43 33
58 44 32
58 45 96
58 46 32
58 47 55
58 48 13
58 49 59
58 50 6
58 51 11
58 52 95
58 53 90
58 54 58
58 55 60
58 56 7
58 57 74
59 1 98
59 2 35
59 3 4
59 4 99
59 5 30
59 6 50
59 7 16
59 8 18
59 9 30
59 10 58
59 11 98
59 12 77
59 13 50
59 14 15
59 15 75
59 16 78
59 17 41
59 18 26
59 19 40
59 20 56
59 21 79
59 22 14
59 23 93
59 24 60
59 25 20
59 26 83
59 27 79
59 28 38
59 29 46
59 30 31
59 31 94
59 32 70
59 33 33
59 34 71
59 35 59
59 36 84
59 37 5
59 38 20
59 39 85
59 40 91
59 41 99
59 42 16
59 43 60
59 44 76
59 45 22
59 46 26
59 47 72
59 48 55
59 49 97
59 50 98
59 51 84
59 52 79
59 53 7
59 54 14
59 55 11
59 56 77
59 57 13
59 58 18
60 1 68
60 2 87
60 3 73
60 4 60
60 5 88
60 6 14
60 7 24
60 8 36
60 9 41
60 10 50
60 11 48
60 12 54
60 13 56
60 14 75
60 15 17
60 16 19
60 17 18
60 18 98
60 19 4
60 20 72
60 21 84
60 22 44
60 23 54
60 24 53
60 25 30
60 26 50
60 27 41
60 28 45
60 29 65
60 30 78
60 31 63
60 32 60
60 33 98
60 34 7
60 35 7
60 36 17
60 37 49
60 38 97
60 39 72
60 40 93
60 41 31
60 42 27
60 43 40
60 44 80
60 45 23
60 46 55
60 47 88
60 48 25
60 49 70
60 50 12
60 51 65
60 52 8
60 53 13
60 54 12
60 55 93
60 56 17
60 57 76
60 58 47
60 59 22
61 1 72
61 2 45
61 3 77
61 4 4
61 5 81
61 6 40
61 7 60
61 8 25
61 9 47
61 10 24
61 11 56
61 12 45
61 13 31
61 14 47
61 15 44
61 16 75
61 17 97
61 18 64
61 19 68
61 20 79
61 21 15
61 22 58
61 23 79
61 24 91
61 25 64
61 26 47
61 27 65
61 28 59
61 29 36
61 30 55
61 31 47
61 32 93
61 33 28
61 34 21
61 35 33
61 36 31
61 37 69
61 38 97
61 39 15
61 40 14
61 41 62
61 42 42
61 43 76
61 44 61
61 45 56
61 46 36
61 47 24
61 48 55
61 49 75
61 50 46
61 51 99
61 52 13
61 53 87
61 54 50
61 55 64
61 56 73
61 57 42
61 58 59
61 59 66
61 60 53
62 1 80
62 2 33
62 3 21
62 4 14
62 5 20
62 6 50
62 7 53
62 8 99
62 9 38
62 10 9
62 11 26
62 12 70
62 13 50
62 14 19
62 15 88
62 16 4
62 17 97
62 18 85
62 19 90
62 20 88
62 21 56
62 22 14
62 23 77
62 24 75
62 25 65
62 26 54
62 27 24
62 28 11
62 29 14
62 30 5
62 31 15
62 32 36
62 33 39
62 34 14
62 35 40
62 36 48
62 37 25
62 38 72
62 39 90
62 40 22
62 41 21
62 42 46
62 43 53
62 44 98
62 45 71
62 46 51
62 47 70
62 48 14
62 49 10
62 50 14
62 51 60
62 52 97
62 53 54
62 54 3
62 55 80
62 56 8
62 57 96
62 58 9
62 59 13
62 60 15
62 61 22
63 1 28
63 2 66
63 3 29
63 4 29
63 5 33
63 6 69
63 7 71
63 8 93
63 9 13
63 10 46
63 11 72
63 12 72
63 13 17
63 14 47
63 15 14
63 16 55
63 17 25
63 18 47
63 19 90
63 20 65
63 21 72
63 22 49
63 23 12
63 24 55
63 25 29
63 26 32
63 27 15
63 28 47
63 29 87
63 30 82
63 31 4
63 32 86
63 33 50
63 34 18
63 35 12
63 36 80
63 37 60
63 38 75
63 39 67
63 40 48
63 41 80
63 42 68
63 43 82
63 44 73
63 45 63
63 46 61
63 47 40
63 48 3
63 49 8
63 50 88
63 51 94
63 52 60
63 53 50
63 54 67
63 55 70
63 56 18
63 57 92
63 58 4
63 59 57
63 60 4
63 61 2
63 62 82
64 1 8
64 2 93
64 3 85
64 4 14
64 5 23
64 6 54
64 7 1
64 8 16
64 9 31
64 10 82
64 11 68
64 12 49
64 13 43
64 14 21
64 15 61
64 16 40
64 17 12
64 18 89
64 19 49
64 20 17
64 21 45
64 22 13
64 23 69
64 24 26
64 25 21
64 26 70
64 27 80
64 28 13
64 29 57
64 30 78
64 31 91
64 32 58
64 33 64
64 34 4
64 35 25
64 36 46
64 37 63
64 38 27
64 39 94
64 40 49
64 41 64
64 42 61
64 43 55
64 44 33
64 45 8
64 46 37
64 47 20
64 48 29
64 49 71
64 50 62
64 51 88
64 52 94
64 53 20
64 54 61
64 55 86
64 56 29
64 57 22
64 58 16
64 59 63
64 60 24
64 61 93
64 62 4
64 63 37
65 1 51
65 2 21
65 3 49
65 4 50
65 5 54
65 6 89
65 7 98
65 8 15
65 9 30
65 10 79
65 11 23
65 12 3
65 13 7
65 14 84
65 15 66
65 16 84
65 17 68
65 18 71
65 19 39
65 20 46
65 21 37
65 22 59
65 23 67
65 24 91
65 25 80
65 26 39
65 27 28
65 28 94
65 29 50
65 30 10
65 31 34
65 32 48
65 33 3
65 34 36
65 35 34
65 36 22
65 37 24
65 38 20
65 39 91
65 40 67
65 41 8
65 42 1
65 43 77
65 44 58
65 45 6
65 46 45
65 47 72
65 48 35
65 49 95
65 50 73
65 51 8
65 52 26
65 53 99
65 54 56
65 55 15
65 56 11
65 57 79
65 58 51
65 59 51
65 60 13
65 61 47
65 62 4
65 63 45
65 64 72
66 1 47
66 2 73
66 3 35
66 4 88
66 5 87
66 6 31
66 7 51
66 8 97
66 9 32
66 10 55
66 11 5
66 12 52
66 13 11
66 14 18
66 15 44
66 16 84
66 17 47
66 18 47
66 19 32
66 20 19
66 21 91
66 22 70
66 23 10
66 24 3
66 25 21
66 26 41
66 27 4
66 28 42
66 29 23
66 30 34
66 31 35
66 32 89
66 33 18
66 34 11
66 35 97
66 36 82
66 37 27
66 38 58
66 39 43
66 40 81
66 41 47
66 42 87
66 43 59
66 44 1
66 45 51
66 46 92
66 47 90
66 48 80
66 49 52
66 50 76
66 51 46
66 52 98
66 53 64
66 54 17
66 55 77
66 56 61
66 57 1
66 58 8
66 59 72
66 60 90
66 61 29
66 62 20
66 63 26
66 64 15
66 65 46
67 1 34
67 2 43
67 3 18
67 4 65
67 5 98
67 6 54
67 7 30
67 8 94
67 9 46
67 10 65
67 11 3
67 12 3
67 13 16
67 14 41
67 15 5
67 16 40
67 17 47
67 18 53
67 19 22
67 20 19
67 21 71
67 22 66
67 23 16
67 24 6
67 25 54
67 26 21
67 27 48
67 28 64
67 29 39
67 30 57
67 31 99
67 32 57
67 33 35
67 34 63
67 35 97
67 36 77
67 37 8
67 38 96
67 39 87
67 40 13
67 41 89
67 42 20
67 43 42
67 44 88
67 45 94
67 46 49
67 47 75
67 48 37
67 49 61
67 50 32
67 51 34
67 52 1
67 53 69
67 54 50
67 55 29
67 56 26
67 57 93
67 58 80
67 59 92
67 60 73
67 61 27
67 62 91
67 63 25
67 64 75
67 65 20
67 66 21
68 1 7
68 2 83
68 3 98
68 4 1
68 5 35
68 6 37
68 7 86
68 8 92
68 9 87
68 10 77
68 11 97
68 12 89
68 13 42
68 14 63
68 15 25
68 16 32
68 17 61
68 18 4
68 19 3
68 20 19
68 21 96
68 22 45
68 23 51
68 24 57
68 25 83
68 26 51
68 27 82
68 28 19
68 29 10
68 30 23
68 31 1
68 32 50
68 33 12
68 34 51
68 35 45
68 36 19
68 37 86
68 38 99
68 39 17
68 40 24
68 41 92
68 42 84
68 43 50
68 44 59
68 45 89
68 46 40
68 47 59
68 48 74
68 49 15
68 50 69
68 51 28
68 52 88
68 53 50
68 54 41
68 55 57
68 56 27
68 57 68
68 58 36
68 59 59
68 60 42
68 61 7
68 62 13
68 63 99
68 64 60
68 65 67
68 66 93
68 67 81
69 1 29
69 2 90
69 3 32
69 4 66
69 5 26
69 6 94
69 7 75
69 8 37
69 9 77
69 10 39
69 11 80
69 12 89
69 13 52
69 14 90
69 15 84
69 16 54
69 17 94
69 18 57
69 19 94
69 20 56
69 21 38
69 22 74
69 23 16
69 24 73
69 25 94
69 26 4
69 27 64
69 28 50
69 29 28
69 30 14
69 31 71
69 32 98
69 33 26
69 34 30
69 35 56
69 36 33
69 37 82
69 38 16
69 39 59
69 40 4
69 41 82
69 42 44
69 43 1
69 44 52
69 45 30
69 46 69
69 47 83
69 48 57
69 49 94
69 50 15
69 51 78
69 52 98
69 53 11
69 54 17
69 55 23
69 56 99
69 57 25
69 58 21
69 59 85
69 60 93
69 61 6
69 62 71
69 63 92
69 64 50
69 65 31
69 66 23
69 67 97
69 68 23
70 1 50
70 2 60
70 3 91
70 4 55
70 5 36
70 6 92
70 7 8
70 8 94
70 9 44
70 10 15
70 11 47
70 12 67
70 13 70
70 14 61
70 15 63
70 16 45
70 17 38
70 18 92
70 19 39
70 20 72
70 21 6
70 22 14
70 23 86
70 24 79
70 25 15
70 26 48
70 27 12
70 28 48
70 29 84
70 30 21
70 31 75
70 32 51
70 33 59
70 34 20
70 35 77
70 36 54
70 37 25
70 38 9
70 39 9
70 40 70
70 41 5
70 42 75
70 43 4
70 44 74
70 45 23
70 46 63
70 47 20
70 48 66
70 49 83
70 50 85
70 51 88
70 52 84
70 53 34
70 54 72
70 55 70
70 56 69
70 57 52
70 58 34
70 59 30
70 60 59
70 61 49
70 62 9
70 63 7
70 64 42
70 65 8
70 66 68
70 67 66
70 68 24
70 69 53
71 1 48
71 2 8
71 3 47
71 4 91
71 5 86
71 6 27
71 7 30
71 8 77
71 9 24
71 10 11
71 11 42
71 12 84
71 13 62
71 14 49
71 15 88
71 16 26
71 17 21
71 18 40
71 19 31
71 20 82
71 21 5
71 22 95
71 23 17
71 24 10
71 25 8
71 26 6
71 27 31
71 28 67
71 29 66
71 30 59
71 31 46
71 32 49
71 33 3
71 34 4
71 35 95
71 36 56
71 37 64
71 38 40
71 39 44
71 40 78
71 41 81
71 42 1
71 43 62
71 44 46
71 45 72
71 46 39
71 47 96
71 48 20
71 49 20
71 50 93
71 51 44
71 52 44
71 53 22
71 54 6
71 55 11
71 56 73
71 57 73
71 58 80
71 59 62
71 60 83
71 61 55
71 62 95
71 63 63
71 64 63
71 65 99
71 66 95
71 67 3
71 68 24
71 69 12
71 70 12
72 1 84
72 2 92
72 3 9
72 4 45
72 5 23
72 6 51
72 7 54
72 8 28
72 9 80
72 10 77
72 11 60
72 12 28
72 13 97
72 14 48
72 15 29
72 16 99
72 17 87
72 18 69
72 19 94
72 20 40
72 21 87
72 22 70
72 23 65
72 24 70
72 25 76
72 26 65
72 27 97
72 28 76
72 29 58
72 30 90
72 31 16
72 32 57
72 33 81
72 34 12
72 35 11
72 36 2
72 37 35
72 38 49
72 39 27
72 40 30
72 41 70
72 42 79
72 43 71
72 44 34
72 45 89
72 46 76
72 47 53
72 48 67
72 49 57
72 50 46
72 51 94
72 52 89
72 53 70
72 54 17
72 55 7
72 56 20
72 57 48
72 58 51
72 59 92
72 60 37
72 61 66
72 62 25
72 63 45
72 64 39
72 65 21
72 66 46
72 67 29
72 68 25
72 69 13
72 70 64
72 71 93
73 1 5
73 2 57
73 3 32
73 4 13
73 5 2
73 6 25
73 7 82
73 8 10
73 9 45
73 10 85
73 11 77
73 12 32
73 13 28
73 14 81
73 15 81
73 16 78
73 17 31
73 18 94
73 19 33
73 20 13
73 21 65
73 22 39
73 23 65
73 24 58
73 25 65
73 26 52
73 27 30
73 28 39
73 29 60
73 30 84
73 31 91
73 32 46
73 33 63
73 34 89
73 35 60
73 36 83
73 37 18
73 38 21
73 39 91
73 40 93
73 41 16
73 42 2
73 43 57
73 44 97
73 45 54
73 46 4
73 47 94
73 48 60
73 49 32
73 50 96
73 51 51
73 52 22
73 53 45
73 54 97
73 55 25
73 56 92
73 57 92
73 58 80
73 59 17
73 60 49
73 61 56
73 62 84
73 63 99
73 64 54
73 65 60
73 66 77
73 67 13
73 68 13
73 69 64
73 70 4
73 71 5
73 72 88
74 1 7
74 2 90
74 3 2
74 4 19
74 5 63
74 6 25
74 7 62
74 8 17
74 9 6
74 10 93
74 11 62
74 12 18
74 13 60
74 14 70
74 15 87
74 16 71
74 17 24
74 18 72
74 19 84
74 20 4
74 21 57
74 22 60
74 23 26
74 24 77
74 25 98
74 26 89
74 27 59
74 28 65
74 29 23
74 30 9
74 31 86
74 32 61
74 33 98
74 34 96
74 35 49
74 36 59
74 37 46
74 38 48
74 39 57
74 40 98
74 41 76
74 42 82
74 43 48
74 44 33
74 45 86
74 46 98
74 47 8
74 48 5
74 49 11
74 50 52
74 51 32
74 52 82
74 53 1
74 54 65
74 55 81
74 56 58
74 57 26
74 58 52
74 59 91
74 60 40
74 61 67
74 62 79
74 63 82
74 64 60
74 65 11
74 66 28
74 67 58
74 68 10
74 69 91
74 70 82
74 71 27
74 72 40
74 73 17
75 1 22
75 2 12
75 3 34
75 4 99
75 5 32
75 6 12
75 7 84
75 8 48
75 9 6
75 10 79
75 11 96
75 12 26
75 13 63
75 14 51
75 15 21
75 16 39
75 17 53
75 18 24
75 19 73
75 20 74
75 21 70
75 22 4
75 23 22
75 24 15
75 25 46
75 26 12
75 27 6
75 28 85
75 29 44
75 30 90
75 31 59
75 32 45
75 33 28
75 34 78
75 35 21
75 36 74
75 37 28
75 38 3
75 39 88
75 40 79
75 41 77
75 42 71
75 43 93
75 44 64
75 45 28
75 46 88
75 47 78
75 48 79
75 49 39
75 50 92
75 51 30
75 52 13
75 53 45
75 54 37
75 55 65
75 56 27
75 57 77
75 58 13
75 59 6
75 60 10
75 61 63
75 62 39
75 63 59
75 64 28
75 65 76
75 66 93
75 67 30
75 68 76
75 69 56
75 70 48
75 71 78
75 72 96
75 73 69
75 74 70
76 1 54
76 2 50
76 3 41
76 4 20
76 5 24
76 6 40
76 7 16
76 8 52
76 9 16
76 10 51
76 11 76
76 12 37
76 13 93
76 14 14
76 15 3
76 16 87
76 17 13
76 18 43
76 19 77
76 20 34
76 21 27
76 22 79
76 23 3
76 24 25
76 25 31
76 26 72
76 27 90
76 28 93
76 29 98
76 30 36
76 31 45
76 32 63
76 33 96
76 34 8
76 35 97
76 36 44
76 37 39
76 38 54
76 39 48
76 40 84
76 41 63
76 42 53
76 43 44
76 44 36
76 45 95
76 46 83
76 47 66
76 48 82
76 49 57
76 50 62
76 51 32
76 52 11
76 53 36
76 54 58
76 55 3
76 56 65
76 57 28
76 58 26
76 59 22
76 60 52
76 61 81
76 62 81
76 63 28
76 64 59
76 65 67
76 66 63
76 67 96
76 68 31
76 69 85
76 70 7
76 71 60
76 72 91
76 73 49
76 74 80
76 75 42
77 1 33
77 2 42
77 3 95
77 4 70
77 5 67
77 6 7
77 7 40
77 8 83
77 9 75
77 10 39
77 11 72
77 12 31
77 13 24
77 14 58
77 15 97
77 16 44
77 17 11
77 18 40
77 19 66
77 20 98
77 21 86
77 22 53
77 23 37
77 24 50
77 25 23
77 26 13
77 27 28
77 28 37
77 29 94
77 30 75
77 31 91
77 32 70
77 33 1
77 34 93
77 35 52
77 36 74
77 37 33
77 38 65
77 39 46
77 40 99
77 41 6
77 42 78
77 43 75
77 44 98
77 45 39
77 46 95
77 47 42
77 48 62
77 49 30
77 50 73
77 51 65
77 52 97
77 53 98
77 54 73
77 55 48
77 56 77
77 57 35
77 58 53
77 59 94
77 60 21
77 61 39
77 62 81
77 63 40
77 64 39
77 65 83
77 66 87
77 67 8
77 68 99
77 69 91
77 70 66
77 71 48
77 72 52
77 73 51
77 74 79
77 75 68
77 76 81
78 1 62
78 2 47
78 3 14
78 4 92
78 5 39
78 6 64
78 7 6
78 8 26
78 9 69
78 10 79
78 11 12
78 12 9
78 13 53
78 14 23
78 15 31
78 16 17
78 17 91
78 18 45
78 19 77
78 20 67
78 21 99
78 22 50
78 23 57
78 24 26
78 25 80
78 26 82
78 27 8
78 28 29
78 29 36
78 30 51
78 31 97
78 32 11
78 33 73
78 34 55
78 35 62
78 36 57
78 37 39
78 38 83
78 39 59
78 40 43
78 41 94
78 42 61
78 43 39
78 44 83
78 45 34
78 46 25
78 47 9
78 48 83
78 49 43
78 50 72
78 51 54
78 52 84
78 53 35
78 54 92
78 55 49
78 56 94
78 57 53
78 58 16
78 59 86
78 60 21
78 61 52
78 62 86
78 63 60
78 64 78
78 65 70
78 66 93
78 67 35
78 68 91
78 69 6
78 70 79
78 71 43
78 72 67
78 73 92
78 74 39
78 75 41
78 76 50
78 77 9
79 1 44
79 2 45
79 3 46
79 4 1
79 5 7
79 6 15
79 7 29
79 8 51
79 9 8
79 10 73
79 11 2
79 12 90
79 13 9
79 14 43
79 15 31
79 16 67
79 17 62
79 18 93
79 19 35
79 20 78
79 21 74
79 22 75
79 23 40
79 24 85
79 25 91
79 26 24
79 27 79
79 28 1
79 29 70
79 30 20
79 31 65
79 32 77
79 33 49
79 34 6
79 35 81
79 36 98
79 37 27
79 38 3
79 39 48
79 40 80
79 41 76
79 42 69
79 43 9
79 44 91
79 45 32
79 46 28
79 47 74
79 48 16
79 49 43
79 50 88
79 51 91
79 52 37
79 53 43
79 54 26
79 55 50
79 56 96
79 57 38
79 58 14
79 59 15
79 60 82
79 61 45
79 62 81
79 63 97
79 64 16
79 65 97
79 66 99
79 67 33
79 68 91
79 69 44
79 70 56
79 71 98
79 72 26
79 73 60
79 74 24
79 75 30
79 76 80
79 77 95
79 78 95
80 1 71
80 2 9
80 3 73
80 4 79
80 5 19
80 6 15
80 7 76
80 8 23
80 9 87
80 10 27
80 11 26
80 12 71
80 13 72
80 14 20
80 15 89
80 16 24
80 17 23
80 18 66
80 19 25
80 20 88
80 21 98
80 22 56
80 23 5
80 24 12
80 25 46
80 26 64
80 27 6
80 28 69
80 29 44
80 30 98
80 31 41
80 32 92
80 33 52
80 34 29
80 35 86
80 36 48
80 37 44
80 38 96
80 39 89
80 40 3
80 41 23
80 42 41
80 43 44
80 44 4
80 45 8
80 46 18
80 47 62
80 48 43
80 49 26
80 50 48
80 51 57
80 52 76
80 53 38
80 54 88
80 55 87
80 56 3
80 57 68
80 58 43
80 59 47
80 60 83
80 61 86
80 62 15
80 63 46
80 64 63
80 65 59
80 66 28
80 67 95
80 68 23
80 69 58
80 70 92
80 71 30
80 72 93
80 73 34
80 74 71
80 75 68
80 76 63
80 77 39
80 78 5
80 79 57
