25
Vertices:
1 2
2 1
3 1
4 1
5 3
6 3
7 2
8 2
9 2
10 2
11 3
12 3
13 1
14 1
15 2
16 3
17 2
18 3
19 1
20 3
21 3
22 2
23 3
24 2
25 3
Arestas:
1 2 71
1 6 17
2 3 37
2 7 41
3 4 68
3 8 24
4 5 32
4 9 81
5 10 60
6 7 47
6 11 80
7 8 68
7 12 72
8 9 4
8 13 75
9 10 20
9 14 89
10 15 90
11 12 51
11 16 29
12 13 7
12 17 44
13 14 77
13 18 4
14 15 99
14 19 75
15 20 40
16 17 61
16 21 39
17 18 78
17 22 18
18 19 42
18 23 21
19 20 47
19 24 8
20 25 72
21 22 75
22 23 12
23 24 7
24 25 45
