rota 0:  1 (88) 9 (39) 17

rota 1:  1 (88) 9 (39) 17

rota 2:  1 (88) 9 (39) 17

rota 3:  1 (88) 9 (39) 17

rota 4:  1 (88) 9 (39) 17

rota 5:  1 (88) 9 (39) 17

rota 6:  1 (88) 9 (39) 17

rota 7:  1 (88) 9 (39) 17

rota 8:  1 (88) 9 (39) 17

rota 9:  1 (88) 9 (39) 17

rota 10:  1 (88) 9 (39) 17

rota 11:  1 (88) 9 (39) 17

rota 12:  1 (88) 9 (39) 17

rota 13:  1 (88) 9 (39) 17

rota 14:  1 (88) 9 (39) 17

rota 15:  1 (88) 9 (39) 17

rota 16:  1 (88) 9 (39) 17

rota 17:  1 (88) 9 (39) 17

rota 18:  1 (88) 9 (39) 17

rota 19:  1 (88) 9 (39) 17

rota 20:  1 (88) 9 (39) 17

rota 21:  1 (88) 9 (39) 17

rota 22:  1 (88) 9 (39) 17

rota 23:  1 (88) 9 (39) 17

rota 24:  1 (88) 9 (39) 17

rota 25:  1 (88) 9 (39) 17

rota 26:  1 (88) 9 (39) 17

rota 27:  1 (88) 9 (39) 17

rota 28:  1 (88) 9 (39) 17

rota 29:  1 (88) 9 (39) 17

rota 30:  1 (88) 9 (39) 17

rota 31:  1 (88) 9 (39) 17

rota 32:  1 (88) 9 (39) 17

rota 33:  1 (88) 9 (39) 17

rota 34:  1 (88) 9 (39) 17

rota 35:  1 (88) 9 (39) 17

rota 36:  1 (88) 9 (39) 17

rota 37:  1 (88) 9 (39) 17

rota 38:  1 (88) 9 (39) 17

rota 39:  1 (88) 9 (39) 17

rota 40:  1 (88) 9 (39) 17

rota 41:  1 (88) 9 (39) 17

rota 42:  1 (88) 9 (39) 17

rota 43:  1 (88) 9 (39) 17

rota 44:  1 (88) 9 (39) 17

rota 45:  1 (88) 9 (39) 17

rota 46:  1 (88) 9 (39) 17

rota 47:  1 (88) 9 (39) 17

rota 48:  1 (88) 9 (39) 17

rota 49:  1 (88) 9 (39) 17

rota 50:  1 (88) 9 (39) 17

rota 51:  1 (88) 9 (39) 17

rota 52:  1 (88) 9 (39) 17

rota 53:  1 (88) 9 (39) 17

rota 54:  1 (88) 9 (39) 17

rota 55:  1 (88) 9 (39) 17

rota 56:  1 (88) 9 (39) 17

rota 57:  1 (88) 9 (39) 17

rota 58:  1 (88) 9 (39) 17

rota 59:  1 (88) 9 (39) 17

rota 60:  1 (88) 9 (39) 17

rota 61:  1 (88) 9 (39) 17

