20
Vertices:
1 1
2 2
3 2
4 3
5 1
6 1
7 1
8 2
9 2
10 1
11 2
12 1
13 2
14 2
15 3
16 2
17 2
18 2
19 2
20 1
Arestas:
2 1 49
3 1 2
3 2 53
4 1 7
4 2 83
4 3 23
5 1 81
5 2 74
5 3 41
5 4 81
6 1 36
6 2 23
6 3 24
6 4 37
6 5 13
7 1 8
7 2 3
7 3 92
7 4 88
7 5 81
7 6 97
8 1 14
8 2 54
8 3 55
8 4 69
8 5 72
8 6 75
8 7 54
9 1 58
9 2 80
9 3 71
9 4 92
9 5 12
9 6 36
9 7 62
9 8 6
10 1 20
10 2 67
10 3 44
10 4 34
10 5 9
10 6 67
10 7 45
10 8 6
10 9 18
11 1 27
11 2 41
11 3 23
11 4 97
11 5 51
11 6 60
11 7 81
11 8 63
11 9 71
11 10 76
12 1 44
12 2 30
12 3 33
12 4 96
12 5 94
12 6 82
12 7 62
12 8 64
12 9 81
12 10 94
12 11 23
13 1 79
13 2 78
13 3 41
13 4 28
13 5 46
13 6 9
13 7 40
13 8 40
13 9 57
13 10 93
13 11 54
13 12 26
14 1 23
14 2 26
14 3 84
14 4 85
14 5 63
14 6 25
14 7 96
14 8 35
14 9 57
14 10 25
14 11 9
14 12 57
14 13 72
15 1 25
15 2 82
15 3 94
15 4 76
15 5 94
15 6 38
15 7 9
15 8 43
15 9 85
15 10 48
15 11 73
15 12 57
15 13 61
15 14 16
16 1 33
16 2 43
16 3 49
16 4 10
16 5 79
16 6 97
16 7 76
16 8 53
16 9 92
16 10 71
16 11 61
16 12 22
16 13 2
16 14 77
16 15 31
17 1 82
17 2 86
17 3 59
17 4 52
17 5 8
17 6 3
17 7 10
17 8 11
17 9 85
17 10 48
17 11 63
17 12 66
17 13 90
17 14 33
17 15 69
17 16 92
18 1 14
18 2 91
18 3 44
18 4 26
18 5 9
18 6 93
18 7 25
18 8 69
18 9 93
18 10 85
18 11 32
18 12 25
18 13 13
18 14 31
18 15 41
18 16 28
18 17 28
19 1 69
19 2 84
19 3 68
19 4 54
19 5 71
19 6 81
19 7 44
19 8 72
19 9 6
19 10 24
19 11 48
19 12 65
19 13 92
19 14 95
19 15 36
19 16 6
19 17 70
19 18 73
20 1 58
20 2 21
20 3 33
20 4 85
20 5 35
20 6 91
20 7 81
20 8 63
20 9 35
20 10 88
20 11 39
20 12 71
20 13 17
20 14 17
20 15 65
20 16 45
20 17 51
20 18 66
20 19 44
